Version 0.9.7
5
 4 17 128 77 128 0 1
 5 298 538 206 81 2 2
 0 128 55 877 276 8 3
 3 135 418 203 58 140 6
 1 133 337 206 81 149 7
 0
63
 255 5 78 142 78 142 78 69 78 69 181 69 181 69 0 1 0 3
 255 5 948 69 948 69 948 69 948 82 948 82 948 82 0 3 0 3
 0 5 78 241 78 241 77 241 77 316 181 316 181 316 0 1 0 3
 0 5 948 303 948 303 948 303 948 316 948 316 948 316 0 3 0 3
 0 5 194 316 194 310 114 310 114 455 146 455 146 455 0 3 0 6
 255 5 181 82 181 82 98 82 98 348 148 348 148 348 0 3 0 7
 0 5 181 303 181 293 67 293 67 406 148 406 148 406 0 3 0 7
 255 5 220 82 220 82 220 82 220 121 220 121 220 121 0 3 0 3
 255 5 311 82 311 82 311 82 311 121 311 121 311 121 0 3 0 3
 255 5 402 82 402 89 415 89 415 114 402 114 402 121 0 3 0 3
 0 5 298 303 298 303 298 303 298 264 298 264 298 264 0 3 0 3
 0 5 389 303 389 303 389 303 389 264 389 264 389 264 0 3 0 3
 0 5 480 303 480 303 480 303 480 264 480 264 480 264 0 3 0 3
 5987327 5 189 348 189 324 122 324 122 258 155 258 155 264 0 7 0 3
 5987327 5 208 348 208 330 134 330 134 272 168 272 168 264 0 7 0 3
 5987327 5 227 348 227 325 201 325 201 287 181 287 181 264 0 7 0 3
 5987327 5 246 348 240 348 240 270 194 270 194 264 194 264 0 7 0 3
 5987327 5 155 251 155 258 345 258 345 497 181 497 181 462 0 3 0 6
 5752313 5 155 238 155 238 155 232 220 232 220 225 220 225 0 3 0 3
 5752313 5 168 238 168 238 168 243 324 243 324 225 324 225 0 3 0 3
 5752313 5 350 225 350 225 350 218 155 218 155 225 155 225 0 3 0 3
 5752313 5 363 225 363 225 363 241 168 241 168 225 168 225 0 3 0 3
 5752313 5 376 225 376 225 376 219 415 219 415 225 415 225 0 3 0 3
 5752313 5 337 225 337 225 337 232 402 232 402 225 402 225 0 3 0 3
 5752313 5 233 225 233 225 233 231 311 231 311 225 311 225 0 3 0 3
 5752313 5 168 212 168 212 168 212 168 173 168 173 168 173 0 3 0 3
 5752313 5 181 212 181 212 181 212 181 173 181 173 181 173 0 3 0 3
 5752313 5 194 212 194 212 194 212 194 173 194 173 194 173 0 3 0 3
 4342527 5 428 225 421 225 421 490 201 490 201 462 201 462 0 3 0 6
 5752313 5 246 225 246 216 123 216 123 154 155 154 155 160 0 3 0 3
 5752313 5 155 173 155 173 155 173 155 212 155 212 155 212 0 3 0 3
 5752313 5 259 225 211 225 211 166 363 166 363 160 363 160 0 3 0 3
 5752313 5 376 160 376 160 376 154 181 154 181 160 181 160 0 3 0 3
 5752313 5 272 225 272 225 168 225 168 225 168 251 168 251 0 3 0 3
 5752313 5 285 225 285 225 205 225 205 168 324 168 324 160 0 3 0 3
 5752313 5 337 160 337 160 337 171 181 171 181 251 181 251 0 3 0 3
 5752313 5 389 160 389 160 389 154 415 154 415 160 415 160 0 3 0 3
 5752313 5 350 160 350 160 350 169 428 169 428 160 428 160 0 3 0 3
 4342527 5 441 160 441 167 486 167 486 483 221 483 221 462 0 3 0 6
 255 5 493 82 493 82 493 82 493 121 493 121 493 121 0 3 0 3
 255 5 584 82 584 82 584 82 584 121 584 121 584 121 0 3 0 3
 0 5 571 303 571 303 571 303 571 264 571 264 571 264 0 3 0 3
 0 5 662 303 662 296 651 296 651 272 662 272 662 264 0 3 0 3
 5752313 5 155 147 155 151 578 151 578 225 584 225 584 225 0 3 0 3
 5752313 5 597 225 597 225 597 231 493 231 493 225 493 225 0 3 0 3
 5752313 5 194 251 193 251 193 255 500 255 500 225 506 225 0 3 0 3
 5752313 5 610 225 610 217 670 217 670 143 181 143 181 147 0 3 0 3
 5752313 5 623 225 623 214 580 214 580 166 506 166 506 160 0 3 0 3
 5752313 5 519 160 519 160 519 154 454 154 454 160 454 160 0 3 0 3
 5752313 5 155 134 155 141 673 141 673 219 636 219 636 225 0 3 0 3
 5752313 5 649 225 649 225 649 233 519 233 519 225 519 225 0 3 0 3
 5752313 5 194 238 188 238 188 272 526 272 526 225 532 225 0 3 0 3
 5752313 5 649 160 644 160 644 174 174 174 174 160 168 160 0 3 0 3
 5752313 5 662 160 676 160 676 212 545 212 545 225 545 225 0 3 0 3
 5752313 5 558 225 558 216 488 216 488 165 467 165 467 160 0 3 0 3
 5752313 5 480 160 480 163 491 163 491 218 441 218 441 225 0 3 0 3
 5752313 5 623 160 617 160 617 129 168 129 168 121 168 121 0 3 0 3
 5752313 5 558 160 558 160 558 164 636 164 636 160 636 160 0 3 0 3
 5752313 5 194 121 194 121 194 126 539 126 539 160 545 160 0 3 0 3
 5752313 5 181 121 187 121 187 138 591 138 591 160 597 160 0 3 0 3
 5752313 5 610 160 610 160 610 154 532 154 532 160 532 160 0 3 0 3
 5752313 5 571 160 583 160 583 214 454 214 454 225 454 225 0 3 0 3
 4342527 5 467 225 461 225 461 476 241 476 241 462 241 462 0 3 0 6
5
 7008 1 14 305 173 5 0 0 5364 3
 7004 1 14 214 173 5 0 0 5364 3
 7032 1 14 396 173 5 0 0 5364 3
 7011 1 14 487 173 5 0 0 6668 3
 7004 1 14 578 173 5 0 0 6668 3
